//menu
alert("INFO");
alert("SUDOKU\n  -The Game- ");

alert("   |00|  |0|  |0|   |0000|    |00000|  |0|  |0| |0| |0|\n  |0|    |0|  |0|  |0|  |0|   |0| |0|  |0||0|   |0| |0|\n   |00|  |0|  |0|  |0|  |0|  |0| |0|  |000|    |0| |0|\n      |0| |0| |0|  |0|  |0|  |0| |0|  |0||0|   |0| |0|\n    |000|  |0000|   |0000|    |0000|  |0| |0|    |000|");

console.log("   |00|   |0| |0|  |00000|    |000000|  |0|  |0|  |0| |0|  ");
console.log("  |0|     |0| |0|  |0|   |0|  |0|  |0|  |0||0|    |0| |0|  ");
console.log("   |00|   |0| |0|  |0|   |0|  |0|  |0|  |000|     |0| |0|  ");
console.log("     |0|  |0| |0|  |0|   |0|  |0|  |0|  |0||0|    |0| |0|  ");
console.log("  |0000|  |00000|  |00000|    |000000|  |0| |0|    |0000|  ");
console.log("                         -- 数独 --                         ");




































